w236.html@@@@@@@@error@@@@@@@
2
2
1,2,3=not same=1,2,3,4 in 2
w241.html@@@@@@@@error@@@@@@@
2
5
1,2,3,4,5,6,7,8=not same=1,2,3,4,5 in 1
1,2,3=not same=1,2,3,4,5,6,7,8 in 2
w294.html@@@@@@@@error@@@@@@@
2
2
1,2,3,4,5,6,7,8,9,10=not same=1,2,3,4,5,6,7,8,9,10,11 in 1
w83.html@@@@@@@@error@@@@@@@
4
4
1,2,3,4,5=not same=1,2,3,4 in 1
w305.html@@@@@@@@error@@@@@@@
2
2
1,2,3=not same=1,2,3,4 in 2
w221.html@@@@@@@@error@@@@@@@
2
11
1,2,3,4,5,6=not same=1,2,3,4,5,6,7,8,9 in 2
w299.html@@@@@@@@error@@@@@@@
2
2
1,2,3,4,5,6,7=not same=1,2,3,4,5,6,7,8 in 2
w333.html@@@@@@@@error@@@@@@@
2
2
1,2,3,4=not same=1,2,3,4,5,6 in 1
w247.html@@@@@@@@error@@@@@@@
2
2
1,2,3,4,5,6,7,8=not same=1,2,3,4,5,6,7,8,9 in 1
w251.html@@@@@@@@error@@@@@@@
2
5
1,2=not same=1,2,3,4,5,6,7 in 2
w359.html@@@@@@@@error@@@@@@@
1
1
1,2,3,4,5,6,7,8,9=not same=1,2,3,4,5,6,7,8,9,10,11 in 1
w71.html@@@@@@@@error@@@@@@@
10
10
1,2,3,4=not same=1,2,3,4,5 in 3
w318.html@@@@@@@@error@@@@@@@
2
2
1,2,3,4,5,6,7,8=not same=1,2,3,4,5,6,7,8,9 in 1
w271.html@@@@@@@@error@@@@@@@
2
5
1,2,3,4=not same=1,2,3,4,5 in 1
1,2,3=not same=1,2,3,4,5 in 2
w289.html@@@@@@@@error@@@@@@@
2
2
1,2,3,4,5,6=not same=1,2,3,4,5,6,7 in 1
w231.html@@@@@@@@error@@@@@@@
2
5
1,2,3,4,5,6=not same=1,2,3,4,5 in 1
w70.html@@@@@@@@error@@@@@@@
10
10
1,2,3,4,5,6=not same=1,2,3,4,5,6,7 in 2
w358.html@@@@@@@@error@@@@@@@
1
1
1,2,3,4,5,6,7=not same=1,2,3,4,5,6 in 1
w285.html@@@@@@@@error@@@@@@@
2
2
1,2,3,4=not same=1,2,3,4,5,6 in 1
w339.html@@@@@@@@error@@@@@@@
2
2
1,2,3,4,5,6,7,8,9=not same=1,2,3,4,5,6,7,8,9,10 in 1
w303.html@@@@@@@@error@@@@@@@
2
2
1,2,3,4,5,6=not same=1,2,3,4,5,6,7 in 1
w354.html@@@@@@@@error@@@@@@@
1
1
1,2,3,4,5,6,7=not same=1,2,3,4,5,6,7,8,9 in 1
w269.html@@@@@@@@error@@@@@@@
2
2
1,2,3,4,5=not same=1,2,3,4,5,6 in 1
w228.html@@@@@@@@error@@@@@@@
2
2
1,2,3,4=not same=1,2,3,4,5 in 1
w341.html@@@@@@@@error@@@@@@@
2
5
1,2,3=not same=1,2,3,4,5,6,7 in 1
1,2=not same=1,2,3,4,5 in 2
w300.html@@@@@@@@error@@@@@@@
2
2
1,2,3=not same=1,2,3,4 in 1
w245.html@@@@@@@@error@@@@@@@
2
2
1,2,3,4,5,6,7=not same=1,2,3,4,5,6,7,8 in 1
w320.html@@@@@@@@error@@@@@@@
2
2
1,2,3,4,5,6=not same=1,2,3,4,5,6,7 in 1
w224.html@@@@@@@@error@@@@@@@
2
2
1,2,3,4=not same=1,2,3,4,5,6 in 2
w273.html@@@@@@@@error@@@@@@@
2
2
1,2,3,4,5=not same=1,2,3,4 in 1
w249.html@@@@@@@@error@@@@@@@
2
2
1,2,3,4,5,6,7=not same=1,2,3,4,5,6,7,8 in 1
w272.html@@@@@@@@error@@@@@@@
2
2
1,2,3,4=not same=1,2,3 in 2
w337.html@@@@@@@@error@@@@@@@
2
2
1,2,3,4,5,6=not same=1,2,3,4,5,6,7 in 1
w225.html@@@@@@@@error@@@@@@@
2
2
1,2,3,4,5=not same=1,2,3,4 in 2
w360.html@@@@@@@@error@@@@@@@
1
1
1,2,3,4,5,6,7=not same=1,2,3,4,5,6,7,8 in 1
[]
